 
p = 1
 0.005903  0.009034  0.005624   0.010697 
 0.005487  0.005008  0.005338   0.007296 
 0.004174  0.004989  0.005063   0.007253 
 0.003428  0.006344  0.005155   0.007322 
 0.003436  0.004891  0.005429   0.007285 
 0.003435  0.004900  0.005124   0.007313 

 0.006661  0.008435  0.011233   0.015419 
 0.006662  0.009132  0.012481   0.020424 
 0.006799  0.009038  0.011167   0.015413 
 0.011201  0.008468  0.012649   0.019993 
 0.006802  0.008462  0.008211   0.015531 
 0.006739  0.008069  0.009105   0.015429 

 0.015190  0.014666  0.015354   0.032467 
 0.013364  0.018253  0.015037   0.032504 
 0.014292  0.014947  0.020426   0.033213 
 0.014324  0.018624  0.016685   0.032850 
 0.014439  0.016463  0.014968   0.032406 
 0.014368  0.016458  0.015130   0.032557 

 0.030535  0.033401  0.037378   0.071359 
 0.030474  0.033189  0.037844   0.068490 
 0.031163  0.033593  0.036300   0.068298 
 0.030606  0.033246  0.043871   0.068339 
 0.030478  0.031524  0.037153   0.072682 
 0.030529  0.031585  0.034447   0.072618 

 0.056945  0.085143  0.085604   0.144183 
 0.056127  0.086006  0.090021   0.144507 
 0.059421  0.066741  0.069538   0.153387 
 0.059214  0.067471  0.069236   0.149108 
 0.056462  0.086358  0.089100   0.144047 
 0.056586  0.086663  0.089428   0.159696 

 0.142721  0.150198  0.159366   0.375267 
 0.153592  0.137128  0.133850   0.353251 
 0.128789  0.151111  0.136530   0.311274 
 0.115391  0.181865  0.191654   0.314777 
 0.126662  0.173884  0.167624   0.314441 
 0.116222  0.143499  0.148440   0.312452 

 0.244163  0.260985  0.269551   0.657507 
 0.261204  0.226390  0.231786   0.637997 
 0.251813  0.349770  0.357032   0.635163 
 0.261288  0.235737  0.240543   0.639673 
 0.241666  0.267405  0.288928   0.632296 
 0.277048  0.365615  0.369169   0.641288 

 0.530394  0.586756  0.587605   1.324784 
 0.514155  0.465982  0.478571   1.320521 
 0.503273  0.634976  0.637504   1.319489 
 0.513515  0.460565  0.459293   1.321324 
 0.494898  0.644445  0.651471   1.321053 
 0.579481  0.791199  0.810581   1.323520 

 1.082830  1.513003  1.520511   2.793031 
 1.038967  1.162626  1.170835   2.768527 
 1.113061  1.480308  1.516093   2.821942 
 1.206854  1.454857  1.373174   2.765426 
 1.165265  1.439038  1.440107   2.765871 
 1.036672  1.674092  1.624075   2.784137 

p = 2
 0.002912  0.004652  0.004346   0.008579 
 0.002825  0.005074  0.003947   0.007278 
 0.002835  0.005005  0.003982   0.007256 
 0.002993  0.005135  0.003855   0.007744 
 0.002785  0.005686  0.003996   0.007324 
 0.002879  0.004335  0.003948   0.007638 

 0.005585  0.008163  0.008159   0.016116 
 0.005550  0.007896  0.008237   0.015911 
 0.005453  0.007631  0.008239   0.016118 
 0.006074  0.007766  0.007345   0.015608 
 0.005819  0.007666  0.008055   0.016026 
 0.005734  0.007669  0.008157   0.015540 

 0.011308  0.020530  0.021080   0.036675 
 0.010904  0.019743  0.021722   0.032850 
 0.011447  0.019873  0.019595   0.036816 
 0.010837  0.020195  0.019331   0.036657 
 0.011847  0.020497  0.025375   0.037695 
 0.011333  0.018895  0.013974   0.033366 

 0.023782  0.029051  0.031572   0.071495 
 0.022439  0.032707  0.029641   0.068805 
 0.022421  0.032903  0.031727   0.076427 
 0.023112  0.033142  0.032228   0.077919 
 0.023406  0.033231  0.031178   0.076652 
 0.024570  0.031602  0.026426   0.068418 

 0.044469  0.080178  0.064821   0.144656 
 0.044959  0.081020  0.070729   0.153683 
 0.044437  0.076576  0.070615   0.148006 
 0.052624  0.087362  0.061508   0.151687 
 0.052433  0.089041  0.056301   0.148370 
 0.047063  0.067534  0.060052   0.145087 

 0.101590  0.178630  0.111183   0.311201 
 0.095432  0.126139  0.110196   0.310981 
 0.100765  0.127120  0.123059   0.313514 
 0.097319  0.181470  0.168073   0.307659 
 0.101756  0.143574  0.126708   0.306989 
 0.105568  0.135097  0.119297   0.302958 

 0.207763  0.237880  0.232290   0.640679 
 0.198904  0.303481  0.279168   0.643269 
 0.199966  0.374389  0.348094   0.653603 
 0.184240  0.367981  0.316918   0.642735 
 0.203470  0.341340  0.307746   0.639907 
 0.201126  0.262148  0.296877   0.640502 

 0.391512  0.662261  0.653028   1.332947 
 0.409036  0.616062  0.524519   1.366799 
 0.434104  0.762728  0.585136   1.334379 
 0.399882  0.563842  0.590866   1.331664 
 0.403247  0.671602  0.629160   1.363620 
 0.412684  0.640588  0.543233   1.330190 

 0.864082  1.457463  1.384433   2.764413 
 0.825013  1.190081  1.113305   2.785731 
 0.884544  1.650511  1.257656   2.775513 
 0.892766  1.637583  1.647841   2.806354 
 0.829670  1.367465  1.046643   2.770789 
 0.847510  1.138054  1.078932   2.772909 

p = 3
 0.002987  0.005603  0.003918   0.008948 
 0.007215  0.006294  0.004389   0.007351 
 0.002778  0.006016  0.004075   0.007311 
 0.002975  0.006239  0.004195   0.007371 
 0.007399  0.006229  0.003864   0.007346 
 0.006993  0.005603  0.005268   0.007338 

 0.009583  0.009661  0.006341   0.015474 
 0.005322  0.010787  0.005734   0.015476 
 0.005750  0.009671  0.006408   0.015918 
 0.005400  0.010194  0.006728   0.015464 
 0.005475  0.009980  0.006310   0.015548 
 0.009667  0.008549  0.006276   0.015875 

 0.010535  0.021062  0.015541   0.032574 
 0.010934  0.021048  0.014017   0.033506 
 0.010648  0.023814  0.012460   0.032975 
 0.011128  0.020076  0.013530   0.033861 
 0.012201  0.021360  0.017091   0.037208 
 0.027631  0.022544  0.016628   0.033069 

 0.044123  0.040745  0.025215   0.071071 
 0.021019  0.037360  0.033269   0.076717 
 0.021653  0.037729  0.036418   0.076158 
 0.024165  0.037748  0.031942   0.071780 
 0.030729  0.037443  0.026046   0.072941 
 0.024914  0.037165  0.034183   0.071944 

 0.050697  0.077428  0.052192   0.145718 
 0.048401  0.074079  0.051711   0.144150 
 0.048916  0.068732  0.052373   0.143967 
 0.051256  0.070344  0.057282   0.146399 
 0.055194  0.065716  0.055384   0.144078 
 0.047673  0.070870  0.061494   0.143958 

 0.092441  0.181043  0.131292   0.302923 
 0.093422  0.179597  0.132090   0.309861 
 0.096189  0.145508  0.115054   0.306350 
 0.100613  0.113697  0.096716   0.301802 
 0.111428  0.113769  0.100538   0.305441 
 0.101560  0.174031  0.107568   0.301697 

 0.191417  0.217091  0.170141   0.633840 
 0.211882  0.342142  0.196331   0.638000 
 0.208354  0.372723  0.234317   0.631789 
 0.231198  0.376476  0.279694   0.631145 
 0.204356  0.262266  0.212275   0.634552 
 0.189320  0.325765  0.209812   0.633107 

 0.425144  0.609797  0.334574   1.321021 
 0.464748  0.697330  0.523535   1.337274 
 0.484738  0.792376  0.461252   1.318540 
 0.458493  0.540574  0.478618   1.321290 
 0.422142  0.740894  0.562391   1.321422 
 0.449934  0.756965  0.445861   1.319996 

 0.957397  1.713854  0.972530   2.755559 
 0.876533  1.230604  1.101309   2.757279 
 0.988022  1.205959  1.065258   2.751737 
 0.849224  1.618757  1.193837   2.752278 
 0.991578  1.647431  1.140407   2.763489 
 0.876434  1.310017  0.997636   2.751874 

p = 4
 0.003760  0.007545  0.004547   0.007526 
 0.023991  0.005154  0.004524   0.007306 
 0.003087  0.008888  0.003784   0.007367 
 0.003176  0.008933  0.004607   0.007348 
 0.003455  0.012044  0.004151   0.007563 
 0.003281  0.007038  0.004093   0.007311 

 0.006364  0.012849  0.007204   0.015701 
 0.006279  0.010410  0.006574   0.015652 
 0.006078  0.012769  0.005349   0.015429 
 0.005958  0.010434  0.005954   0.015671 
 0.008423  0.012596  0.008055   0.015739 
 0.005592  0.014690  0.008195   0.015489 

 0.015550  0.014952  0.012524   0.032676 
 0.023640  0.018139  0.011695   0.032535 
 0.027403  0.016972  0.012969   0.032641 
 0.024291  0.019351  0.011544   0.035008 
 0.022048  0.015633  0.012307   0.032628 
 0.040962  0.017488  0.012256   0.032990 

 0.030582  0.038978  0.020908   0.068858 
 0.035805  0.039310  0.020709   0.068469 
 0.042809  0.037116  0.021589   0.068389 
 0.047545  0.040652  0.019665   0.068482 
 0.023250  0.040699  0.021998   0.068562 
 0.036779  0.038113  0.021161   0.068367 

 0.046860  0.078851  0.043008   0.144187 
 0.057148  0.082070  0.044393   0.143946 
 0.049687  0.076051  0.044126   0.144138 
 0.061732  0.082509  0.039978   0.144482 
 0.050265  0.085159  0.037502   0.144185 
 0.052410  0.082695  0.042280   0.149473 

 0.108972  0.162427  0.101240   0.301895 
 0.109766  0.166508  0.090503   0.301813 
 0.104869  0.191457  0.091585   0.306397 
 0.130652  0.126740  0.085013   0.301967 
 0.111193  0.119149  0.087192   0.302376 
 0.119599  0.117913  0.094647   0.309561 

 0.304675  0.361301  0.209748   0.632103 
 0.353628  0.377130  0.218174   0.632758 
 0.243491  0.332732  0.177069   0.636400 
 0.236336  0.231891  0.184904   0.636406 
 0.277912  0.288289  0.183325   0.631335 
 0.247927  0.240306  0.174493   0.630495 

 0.629586  0.714730  0.393808   1.323853 
 0.516866  0.675050  0.415716   1.324811 
 0.500611  0.556863  0.375445   1.320918 
 0.676898  0.778264  0.342004   1.322673 
 0.546815  0.533393  0.417324   1.320668 
 0.585970  0.611948  0.373792   1.319510 

 1.207313  1.551134  0.841833   2.750450 
 1.196504  1.260437  0.816661   2.756137 
 0.858230  1.178206  0.654403   2.754832 
 1.344683  1.498092  0.738360   2.751723 
 1.154867  1.403972  0.805438   2.759011 
 1.203035  1.103524  0.831051   2.752399 

p = 5
 0.013552  0.008261  0.005613   0.010740 
 0.013066  0.010135  0.004606   0.007739 
 0.012331  0.016326  0.004151   0.007536 
 0.010508  0.007621  0.005346   0.007667 
 0.012686  0.010087  0.004069   0.007285 
 0.052022  0.012380  0.005630   0.007610 

 0.013465  0.011767  0.006848   0.015828 
 0.019490  0.012124  0.006884   0.015620 
 0.015716  0.019562  0.006013   0.016045 
 0.092986  0.010351  0.005787   0.015504 
 0.017566  0.012029  0.006540   0.015573 
 0.078462  0.009479  0.006029   0.015868 

 0.019127  0.029051  0.010963   0.032732 
 0.024397  0.027454  0.011673   0.032782 
 0.045886  0.032277  0.011134   0.032777 
 0.050555  0.024286  0.011369   0.032632 
 0.040803  0.021465  0.009820   0.033638 
 0.045439  0.023584  0.011104   0.033319 

 0.057077  0.040417  0.019426   0.069553 
 0.069286  0.037185  0.019975   0.069625 
 0.043427  0.041380  0.020063   0.069854 
 0.091594  0.037513  0.019033   0.069888 
 0.101309  0.038926  0.021206   0.069408 
 0.041210  0.046221  0.019515   0.069839 

 0.083957  0.061606  0.043473   0.150985 
 0.120813  0.090105  0.042483   0.147002 
 0.101551  0.091117  0.037302   0.146966 
 0.085242  0.072353  0.041862   0.146149 
 0.075769  0.080201  0.040164   0.146696 
 0.073577  0.068936  0.037914   0.145561 

 0.148162  0.127125  0.081980   0.308932 
 0.231867  0.130573  0.088055   0.308977 
 0.229535  0.181129  0.085767   0.307995 
 0.241390  0.161483  0.080281   0.307196 
 0.239675  0.176006  0.082563   0.355313 
 0.327115  0.120586  0.080056   0.307390 

 0.448664  0.246426  0.169143   0.642041 
 0.437228  0.327881  0.191201   0.631052 
 0.530476  0.355932  0.163901   0.637423 
 0.482283  0.383542  0.175517   0.638394 
 0.360094  0.287698  0.171172   0.631126 
 0.388164  0.281732  0.170231   0.634039 

 0.904393  0.525559  0.357983   1.324778 
 0.868395  0.487475  0.371366   1.320957 
 0.966411  0.512505  0.354813   1.325363 
 0.999007  0.787446  0.358064   1.324929 
 0.988439  0.632412  0.313902   1.324364 
 0.977714  0.569862  0.383399   1.323378 

 2.072339  1.060042  0.713879   2.770144 
 1.882233  1.062811  0.745111   2.784296 
 2.111910  1.474916  0.723371   2.798772 
 2.265800  1.554011  0.742679   2.844151 
 1.870598  1.468029  0.821627   2.953027 
 3.650544  1.690863  0.902711   2.946752 

p = 6
 0.005521  0.024935  0.077155   0.010387 
 0.263398  0.008194  0.005996   0.010341 
 0.020720  0.024857  0.013509   0.010029 
 0.005650  0.024785  0.058661   0.010138 
 0.005607  0.010553  0.006377   0.007781 
 0.006014  0.010661  0.004779   0.010377 

 0.278266  0.016329  0.008834   0.021098 
 0.085727  0.031987  0.012614   0.016430 
 0.092769  0.031992  0.083674   0.016405 
 0.141911  0.019114  0.010443   0.016421 
 0.106140  0.032096  0.100626   0.016392 
 0.039616  0.031828  0.058513   0.016395 

 0.138430  0.045792  0.015173   0.034599 
 0.083396  0.028927  0.013895   0.043786 
 0.317774  0.022004  0.013724   0.043492 
 0.116314  0.029264  0.015445   0.034635 
 0.126006  0.044085  0.011668   0.043470 
 0.064719  0.046569  0.015312   0.035115 

 0.242836  0.029650  0.020786   0.070413 
 0.208182  0.033227  0.020912   0.077297 
 0.173806  0.064823  0.024630   0.074693 
 0.075870  0.081274  0.023999   0.080890 
 0.144911  0.042674  0.020403   0.068744 
 0.280025  0.043206  0.024753   0.083388 

 0.240338  0.102636  0.048819   0.163631 
 0.145895  0.085961  0.050092   0.154544 
 0.486320  0.091867  0.046462   0.161140 
 0.448441  0.094990  0.047342   0.164666 
 0.406267  0.093580  0.048725   0.152819 
 0.161441  0.149914  0.051995   0.155003 

 0.360648  0.144846  0.103432   0.323668 
 0.604249  0.156249  0.100875   0.324270 
 0.249294  0.127448  0.102435   0.321685 
 0.799926  0.198954  0.100634   0.322901 
 0.530665  0.187571  0.097134   0.324854 
 0.637632  0.138108  0.080346   0.322036 

 0.779980  0.376592  0.207472   0.677163 
 0.800158  0.344484  0.197098   0.675975 
 1.603210  0.354943  0.195797   0.677005 
 0.546561  0.277039  0.200226   0.683623 
 1.024612  0.346512  0.166360   0.672376 
 1.152261  0.369012  0.200607   0.687697 

 1.688693  0.735517  0.415940   1.415471 
 2.045030  0.520251  0.416632   1.370365 
 3.600768  0.872383  0.401835   1.412723 
 1.651499  0.845879  0.403053   1.424222 
 2.762901  0.645197  0.417903   1.416607 
 2.114105  0.762477  0.409219   1.413135 

 2.788113  1.314029  0.869330   2.963078 
 2.304041  1.083378  0.699248   2.775476 
 3.712935  1.018759  0.680100   2.769263 
 4.406809  1.436416  0.660529   2.757415 
 4.303314  1.659952  0.672553   2.763891 
 3.881231  1.182962  0.676233   2.753828 

p = 7
 0.002747  0.004096  0.004966   0.007744 
 0.002808  0.004073  0.005092   0.007759 
 0.002716  0.004349  0.004250   0.007795 
 0.002520  0.004630  0.005349   0.007784 
 0.002542  0.004157  0.005251   0.007758 
 0.002818  0.004162  0.004938   0.007777 

 0.004849  0.009905  0.007110   0.017125 
 0.005098  0.009454  0.007803   0.015942 
 0.005342  0.008713  0.006854   0.015585 
 0.005166  0.007471  0.006843   0.015909 
 0.005009  0.007965  0.007115   0.015860 
 0.005096  0.008003  0.006756   0.016137 

 0.009688  0.019579  0.010720   0.032793 
 0.009717  0.019739  0.012054   0.032947 
 0.009908  0.019583  0.011925   0.032814 
 0.009824  0.019788  0.011413   0.032520 
 0.009664  0.020597  0.012360   0.032974 
 0.010374  0.020008  0.011566   0.034158 

 0.021482  0.045079  0.022847   0.068786 
 0.021455  0.043976  0.023264   0.069039 
 0.019480  0.040446  0.022318   0.069134 
 0.019717  0.039868  0.020727   0.068998 
 0.019718  0.039991  0.018407   0.068672 
 0.020222  0.039857  0.019700   0.069146 

 0.043323  0.054595  0.039377   0.144089 
 0.040297  0.087598  0.037175   0.143850 
 0.039915  0.085267  0.037999   0.144531 
 0.039930  0.085327  0.037418   0.144481 
 0.042010  0.070152  0.038194   0.144190 
 0.041907  0.073358  0.038297   0.144042 

 0.091006  0.185032  0.085013   0.302086 
 0.083487  0.170257  0.075988   0.303397 
 0.083479  0.186515  0.078813   0.302897 
 0.084292  0.187480  0.078385   0.302793 
 0.089351  0.126178  0.082431   0.303400 
 0.086962  0.126492  0.085180   0.301679 

 0.179899  0.274831  0.165131   0.633874 
 0.177028  0.308507  0.167053   0.632872 
 0.183322  0.222129  0.168085   0.632619 
 0.172455  0.335331  0.158002   0.632338 
 0.177032  0.324448  0.165328   0.634590 
 0.171599  0.339039  0.161949   0.634721 

 0.372805  0.557647  0.323540   1.321453 
 0.367878  0.635986  0.327176   1.321626 
 0.360180  0.670673  0.320687   1.319724 
 0.356874  0.691335  0.333072   1.322761 
 0.377228  0.488217  0.335110   1.320997 
 0.360258  0.687493  0.322479   1.325053 

 0.750932  1.556305  0.654747   2.753892 
 0.773631  1.135099  0.674973   2.756836 
 0.752381  1.423504  0.651806   2.812418 
 0.741699  1.574909  0.669635   2.757808 
 0.759826  1.218943  0.664052   2.754024 
 0.736013  1.424349  0.646815   2.756975 

p = 8
 0.002834  0.005457  0.005111   0.007784 
 0.002771  0.006435  0.004812   0.007600 
 0.002926  0.006918  0.005058   0.007337 
 0.002776  0.005494  0.005119   0.007662 
 0.002716  0.005589  0.005327   0.007609 
 0.002847  0.005589  0.004860   0.007309 

 0.004861  0.012083  0.006914   0.015677 
 0.005085  0.009493  0.006749   0.016068 
 0.004791  0.009514  0.006572   0.016002 
 0.004916  0.009708  0.006613   0.015800 
 0.004918  0.009552  0.007093   0.015568 
 0.004903  0.009576  0.006635   0.015470 

 0.010277  0.021609  0.013023   0.032946 
 0.010282  0.022074  0.010815   0.032885 
 0.010062  0.020689  0.013214   0.032866 
 0.010255  0.021124  0.011494   0.033061 
 0.010322  0.021327  0.011621   0.034576 
 0.009901  0.021120  0.011236   0.032684 

 0.020454  0.041450  0.022076   0.068667 
 0.020368  0.043967  0.022376   0.069132 
 0.020339  0.041428  0.022022   0.068556 
 0.020395  0.041349  0.020156   0.068865 
 0.020439  0.043502  0.021804   0.068743 
 0.020372  0.041360  0.022056   0.068374 

 0.041400  0.085531  0.038377   0.144109 
 0.041448  0.084885  0.037591   0.144604 
 0.041503  0.085305  0.038434   0.144817 
 0.042342  0.068384  0.039070   0.144455 
 0.042314  0.067425  0.040398   0.144103 
 0.042521  0.069039  0.041839   0.144341 

 0.083730  0.185644  0.080285   0.301561 
 0.083690  0.185330  0.079977   0.302286 
 0.088717  0.117851  0.080746   0.302615 
 0.082790  0.171804  0.074920   0.302977 
 0.082429  0.171092  0.075045   0.302950 
 0.084161  0.166806  0.077983   0.302855 

 0.183153  0.230413  0.166187   0.633696 
 0.181195  0.259989  0.166299   0.633710 
 0.176616  0.367856  0.158225   0.634651 
 0.183956  0.382379  0.171544   0.633226 
 0.176054  0.292952  0.163105   0.635140 
 0.183150  0.225591  0.165586   0.634210 

 0.372160  0.512797  0.341940   1.321716 
 0.357472  0.707057  0.313220   1.323210 
 0.371751  0.582328  0.342974   1.323955 
 0.375114  0.524934  0.333820   1.356677 
 0.375156  0.482016  0.333965   1.323090 
 0.364181  0.662511  0.332521   1.323412 

 0.773378  1.350996  0.668342   2.756827 
 0.753087  1.245474  0.672876   2.751097 
 0.734939  1.430788  0.644558   2.759075 
 0.759572  1.221005  0.677402   2.762460 
 0.757843  1.705286  0.673914   2.768934 
 0.768598  1.110230  0.681783   2.759843 

